

32 44 





40 41 10 98 39 




10 
10 



3 
1 82 
18 

10 

18 
18 
57 
57 

54 



75 11 
80 89 63 23 
63 
38 
1 
1 
1 
8 
8 





1 10 92 
1 10 92 

















37 
37 


80 87 15 
80 87 15 
100 45 38 






























49 


49 
1 





57 
57 
80 89 87 15 
80 89 87 15 




65 54 






50 74 46 63 
30 

94 
94 

37 


1 
1 



74 
74 27 30 
57 
57 


57 
57 




17 
17 
57 

80 15 
80 15 

92 53 







16 


22 

1 
1 
17 
17 




16 67 54 




16 
16 





70 30 31 



22 
22 


34 











98 11 
18 
18 






56 27 
56 27 
82 
19 46 
19 20 
19 20 


80 
80 



1 34 33 17 
1 34 33 17 




99 

18 
18 
89 10 29 30 
80 15 


22 


78 
16 91 67 
65 10 





80 15 





80 70 

50 35 98 22 
50 83 63 
84 37 
84 37 




1 37 70 17 18 86 
1 37 70 17 18 86 

1 

80 87 15 



8 
8 




88 18 
18 

57 
57 


76 





1 
1 
84 

22 
16 32 









1 
57 
57 
89 

89 

17 18 38 73 



73 



22 
82 
46 
46 




80 
85 46 
2 18 46 80 50 85 
75 

84 
84 22 
84 22 
17 84 
57 
57 



57 
57 







57 82 99 98 
16 54 

92 



16 67 54 
16 67 54 

















4 55 



1 
40 







78 












57 
57 









22 
10 22 
10 22 






























1 92 
1 92 









52 4 














1 










80 15 


8 24 22 
1 


52 
16 
16 







82 




80 15 
80 15 
92 
92 

37 
24 17 

















89 








11 55 






29 
57 
57 








57 










1 22 

33 



86 84 37 77 63 
86 84 37 77 63 

57 
57 




17 










89 10 


17 10 65 
17 10 65 
57 













37 86 
30 
30 
10 










37 
37 





85 














57 

50 
50 
12 70 79 





84 86 


40 10 
40 10 
16 
16 




66 30 22 
66 30 22 

30 












17 
99 



4 46 38 
4 46 38 










18 37 86 



1 
1 







1 
85 

3 85 


1 

98 

2 15 80 84 85 86 87 







80 15 

57 


57 


65 
65 
1 








68 
57 













24 28 22 14 29 
24 28 22 14 29 

57 85 
57 85 





32 




57 

57 




1 92 




22 




98 


92 
57 
57 
83 
24 92 








57 
57 
84 

58 







21 14 
21 14 











17 57 




19 
19 
98 
98 














1 57 

24 
24 
18 

92 22 
57 
57 




82 12 
70 46 
70 46 





34 



10 92 








67 54 
















91 94 
80 




92 

37 


37 













46 

37 86 

37 86 










12 22 




46 






10 




33 18 34 38 45 
33 18 34 38 45 

18 
4 
4 

32 57 70 64 
32 57 70 64 
32 57 70 64 
32 57 70 64 











33 


57 
57 











54 

54 

57 10 38 
57 10 38 


1 
1 






















18 

84 86 
84 86 





79 
79 
1 27 
1 27 










1 

79 








57 
18 74 



17 18 86 






4 55 








82 52 

1 

92 








1 
1 
10 37 


11 
11 







37 70 74 15 80 50 84 86 87 
80 82 
80 82 
80 1 15 
57 








82 



1 
1 
57 








11 
1 
1 











22 





1 















28 30 





1 31 
1 31 


38 



65 


85 
85 





1 
1 


8 
8 
58 







16 54 



1 



65 
65 






88 


84 52 11 4 
84 52 11 4 




16 
16 
16 54 
16 54 
37 38 74 50 45 17 18 86 
37 38 74 50 45 17 18 86 
1 

1 
57 







57 15 
57 15 







4 





















33 34 








84 37 86 
11 92 46 22 

11 92 46 22 










82 
75 61 
75 61 

37 70 74 77 50 84 86 
86 37 38 
10 
10 

























17 
17 




78 

57 54 
57 54 
92 











1 65 

34 38 46 15 84 86 87 
79 

10 







11 
11 
16 54 
99 



42 4 55 

21 
21 

55 

55 










84 86 52 37 70 










70 46 
65 
57 







65 



57 

59 11 


54 
54 

32 

57 22 
57 22 


10 34 

92 
11 
74 14 

27 



22 











69 
57 

57 
22 
17 18 84 37 86 
10 
10 











22 
22 

16 
98 22 
98 22 
8 40 10 41 39 
8 40 10 41 39 


65 86 
65 86 
46 


10 
10 
16 
16 

57 
57 



92 86 84 37 38 
10 

89 10 

16 54 
16 54 
37 87 



17 
17 
17 2 18 10 
17 2 18 10 



66 
92 
16 

3 14 









36 27 4 55 
36 27 4 55 
98 
98 





80 
57 
57 














28 29 31 
22 


92 














11 
57 99 










1 10 




56 57 10 65 
56 57 10 65 

80 31 38 15 
80 31 38 15 








17 
17 
32 80 87 
82 
4 


1 
1 


















76 
17 65 
17 65 





65 




17 
17 



17 82 






89 10 

16 54 
82 
28 















10 
65 
17 
17 




27 76 




32 
32 
35 
65 
65 46 
65 46 







18 45 38 






80 17 85 







84 86 70 







65 






83 10 27 4 70 
83 10 27 70 




87 





57 

57 
4 55 
4 55 



















17 



50 






67 

1 
1 






98 

18 45 


57 
57 
65 
54 
54 
22 







52 
19 
16 67 
16 67 
82 
82 








16 



57 99 
57 99 



74 

57 
57 







82 
82 

65 
65 






22 
57 4 
57 4 
57 4 
8 41 92 22 

8 22 
27 28 29 31 

16 54 

57 27 30 
1 

1 
1 


57 

57 






10 













1 










8 

8 
57 






57 




92 

11 86 


17 18 89 
17 18 89 











11 
11 

57 

80 87 84 86 15 



28 13 



















2 37 17 84 85 86 




65 38 
65 38 
27 
70 46 
44 


40 
1 


1 82 
10 85 
8 




83 92 






14 


57 37 
57 37 





16 




17 18 45 38 

99 22 



17 
17 
56 







15 
84 37 86 77 










28 
28 




1 
1 
4 
57 
57 

65 
70 


45 


57 
16 54 







34 












11 







57 
58 86 




1 
1 


37 15 80 84 85 86 


32 11 44 23 






10 


8 10 22 



98 94 
32 
32 

16 
16 



57 101 


37 77 80 84 86 87 
37 77 80 84 86 87 
89 10 
89 10 




45 
45 
1 57 
1 57 
24 10 11 
9 98 28 97 31 
57 

33 74 11 55 


57 

57 



50 

1 65 
33 52 
55 
82 

82 



92 

92 
22 

1 92 








86 70 
92 




























16 
24 



33 





24 1 18 45 
24 1 18 45 
57 92 
57 92 

16 

55 



















70 
80 38 15 

31 
24 50 27 









24 22 



22 
22 
22 
22 
57 

24 98 22 
18 
18 



53 



89 10 
89 10 









27 28 29 30 31 









18 84 37 86 77 


1 






22 





1 
1 



32 80 10 
80 17 87 15 

15 

89 10 
1 
12 


59 
59 
10 45 38 
10 45 38 









37 


1 
1 
1 




22 
34 
92 











92 10 51 52 







57 
57 


84 86 
80 18 45 38 101 
80 18 45 38 101 
92 37 
92 37 

68 
68 



79 






57 


75 62 


79 




17 79 
82 
82 




27 








1 98 
1 98 


16 54 
16 54 
80 15 


























31 
50 
50 

80 15 

16 54 
46 
46 





37 86 




1 10 
1 10 

80 1 15 
80 1 15 









1 

44 
44 

16 
16 
16 
50 86 22 
22 












10 
57 65 










10 













57 

57 
57 

57 
70 

22 
42 70 10 83 87 24 74 
42 11 50 87 24 74 63 


61 38 
38 15 80 18 84 86 87 
57 
10 
10 


18 
18 

16 96 67 54 
1 
1 



37 
37 




3 












73 79 



22 
22 
78 



















1 


46 

10 




1 


14 
24 82 14 
24 82 14 
24 21 14 
24 28 14 
24 98 14 
24 14 
24 14 
22 







57 65 
57 65 


















74 







32 26 






57 82 
57 82 





18 92 45 38 





30 



1 
1 


4 


22 
22 
37 
37 












66 98 22 
92 54 
92 54 

73 86 
73 86 






9 10 98 94 
9 10 98 94 




61 46 


21 
1 



86 37 70 
70 
33 10 52 

33 10 52 










22 


10 






33 




75 15 



33 92 





38 


10 34 
10 34 




1 

1 
16 54 
16 54 




1 


37 10 15 80 84 86 87 
37 10 15 80 84 86 87 






57 46 86 37 38 

57 46 86 37 38 











10 
22 
10 
22 










37 




65 4 
57 
89 10 

40 89 10 
76 21 14 




35 22 

35 22 






82 22 




37 









37 

27 
27 
36 
36 
76 


80 84 86 



52 54 
10 

1 
1 










82 
82 





57 
57 
57 
89 
89 
57 
17 18 
1 




57 
57 




33 34 27 98 94 
33 34 27 98 94 



22 
22 
22 
22 



1 





57 98 
16 67 












1 10 89 57 
1 10 89 

3 
3 



16 10 22 
16 10 22 
16 10 22 



24 










40 






10 84 37 
10 84 37 





1 
1 3 10 22 89 30 
1 3 10 22 89 30 


27 
27 




57 

1 
1 






9 98 
9 98 


74 11 70 
74 11 70 






57 27 
57 27 
65 
65 



57 
57 
1 

50 74 

37 




57 





1 92 






9 98 94 
9 98 94 





80 87 15 
74 77 14 15 84 86 87 27 


84 37 
84 37 
80 57 87 15 




74 11 

86 
86 






35 










1 



1 
1 
57 65 



32 
















1 


102 
102 


80 100 
16 54 

27 33 34 11 31 

85 
85 

80 15 
1 
10 
10 

1 
1 








80 38 
80 38 
65 
22 

















92 




57 











1 


82 






38 70 42 45 80 18 86 







9 98 4 94 

17 
17 




80 98 




57 
57 

9 98 



83 59 70 
37 


8 















69 38 












22 
22 


10 

10 






28 87 



63 28 29 31 
92 
92 


1 
1 




57 


92 
16 
92 
25 
25 





11 















88 
88 





46 
46 









25 74 76 21 7 
1 
1 



16 
16 



4 



30 





54 23 


37 76 16 54 60 101 
37 76 16 54 60 101 









8 














16 98 94 
16 98 94 





12 

87 84 45 38 15 






40 10 


1 
1 






37 86 
37 86 
45 







57 






4 












14 















27 












16 
16 







73 
40 41 39 
40 41 39 






46 

45 38 
45 38 


98 
85 










27 4 55 


17 
17 






32 80 
28 29 31 

1 
57 
57 































57 
57 
92 


10 52 22 



38 
38 









2 58 18 85 







1 

92 70 
92 70 
97 98 92 
98 
18 37 







57 




92 
92 







16 
16 


1 

80 84 61 86 15 










32 





80 17 
79 
35 22 

8 
8 

















57 

57 



37 
37 
37 
54 
54 





30 
1 


17 18 54 
17 18 54 






17 





63 







65 
65 







37 14 






86 
37 86 85 











22 
80 15 

15 


99 

99 








57 









37 











16 67 54 
16 67 54 
16 67 54 
84 37 86 
27 94 












92 
92 

80 15 
80 15 



19 
18 45 38 
18 45 38 








16 18 54 
16 18 54 









33 
22 




1 57 









65 





21 
21 
43 44 













57 10 29 
10 52 46 
10 52 46 







45 38 
45 38 


1 







50 27 54 
50 74 70 
74 84 86 55 













1 
4 

9 98 94 
57 92 
57 92 





57 






74 27 

74 27 

1 
1 
22 














17 37 
17 37 

11 



43 4 

43 4 



1 
1 

22 
22 




92 


42 
35 





16 
17 18 57 
24 
98 44 

8 
57 







1 












27 70 





























32 58 11 4 55 

84 37 86 


17 18 
17 18 


8 57 22 




16 
80 1 18 17 15 
18 84 37 86 
1 











57 
17 18 86 
10 
10 



57 
15 
15 








80 87 15 











11 


11 


38 

38 
30 
12 

1 
85 








82 




57 92 
57 92 















1 


8 
89 10 



80 84 37 86 15 
84 37 86 77 
80 84 37 86 15 
84 37 86 77 











98 








76 
76 

22 14 
22 14 
57 
29 




70 














37 
37 




1 66 10 51 42 63 













30 
80 87 38 15 

18 45 38 

18 45 38 
1 


32 10 
32 10 
46 22 



16 67 54 

70 

19 
19 


32 37 
2 85 
2 85 
10 




1 

80 11 93 70 


57 4 
17 57 
10 
10 
16 54 

70 

3 

37 
10 35 22 
10 35 22 

80 15 




57 27 

57 









32 




























65 
65 











33 34 57 


18 70 

33 
17 18 

16 74 70 
70 74 11 80 50 83 
83 50 11 74 70 
73 
73 
1 22 





1 

92 
80 85 37 70 15 
4 














1 98 
1 98 




37 
37 
10 
10 









86 84 37 46 
89 10 




22 

1 57 
1 57 





65 
65 

102 
102 
1 



4 55 
98 4 55 

57 
57 



1 
4 55 

4 55 

80 15 
37 86 79 


40 41 10 39 

80 15 
80 15 
10 87 
10 87 



1 
63 
37 38 77 50 84 86 87 







80 84 37 38 15 






1 
1 
57 
22 

22 
1 37 
1 37 



82 
82 


1 
1 




2 85 
2 85 














3 


37 

57 99 
57 99 
57 10 

33 34 

70 









74 4 38 15 






1 
1 
1 
57 
57 



80 





22 
89 


15 





27 46 55 



















57 
57 
57 
77 











14 
14 

17 

63 
63 
27 63 
98 46 

80 17 
80 17 



1 

65 
16 70 54 
16 70 54 

12 
12 









88 


24 98 70 22 
54 
11 54 



89 10 22 



1 




1 
1 



32 


75 




92 






10 92 

82 


87 



24 11 



17 27 84 86 43 
17 27 84 86 43 

1 11 


24 22 
16 
16 67 

92 
92 
56 81 69 70 
16 54 
16 54 


92 




10 52 54 



22 



57 
57 


































44 
57 




11 













57 
1 


57 
11 

65 

1 
1 






10 27 
37 38 







57 37 
57 37 








74 






80 
80 57 12 
80 57 12 
16 
16 54 

10 
10 
92 





50 








1 57 
1 57 

19 
57 











48 19 46 

48 19 46 







76 
57 
57 
57 
74 




57 65 
57 65 


98 52 
98 52 




















57 












22 
22 
22 

1 
1 






82 





22 
22 



98 35 4 70 44 46 
98 35 4 70 44 46 




16 33 67 54 
16 33 67 54 









37 77 45 80 18 84 86 
37 77 45 80 18 84 86 
80 18 37 86 77 





82 
82 



65 
65 
1 65 
1 65 




58 
58 

57 35 
57 35 












57 
92 
92 






32 10 







53 



1 

16 67 54 










57 

57 
10 
10 






57 
57 
22 
92 













57 
92 










82 54 

82 54 




84 77 86 
84 77 86 





























1 
1 
37 
92 54 
92 54 
10 52 
10 52 




46 
46 
6 





32 17 








70 






80 
80 











79 












82 














16 67 
98 





















17 18 
17 18 


57 
57 








16 54 



42 4 70 22 55 
42 4 70 22 55 


17 



54 
54 

3 
3 



37 
37 
80 15 
85 
85 
1 
92 
92 

80 87 84 86 15 




98 
98 





80 83 15 


57 










80 15 






92 
92 
94 
57 10 89 

28 29 31 



57 
57 
88 
88 










17 
17 


33 34 



10 
10 


32 

1 18 







22 

10 
77 
77 







22 

84 37 


30 
30 

22 












80 15 
83 






34 74 50 71 



1 
1 

30 




57 


92 54 
92 54 




24 17 18 












9 98 






57 




15 
46 
46 
44 70 
44 70 
11 44 70 














54 




98 
98 















16 10 54 
16 10 54 
1 73 17 


65 
65 
3 


38 
38 





4 38 45 15 80 17 18 84 86 57 
73 37 86 

80 

11 36 55 

56 
1 78 
1 78 















24 28 22 14 31 





80 15 


84 37 86 47 


57 92 
57 92 
80 

98 22 
98 22 

48 25 80 15 
48 25 80 15 

37 
37 
1 

1 





86 
1 
1 














54 

74 
92 
74 27 30 
92 53 
32 73 





78 


11 


32 44 
32 87 15 
32 1 





16 

4 

17 18 38 73 

32 

1 






10 
52 



32 
24 17 


89 

97 


65 92 
73 
32 10 98 






88 


98 

30 

98 





43 
10 92 


71 42 46 61 74 31 
80 61 15 



46 
18 
32 43 



32 


32 44 22 

19 









46 

70 




28 30 31 



10 92 30 


42 4 55 


34 

32 51 
32 





32 

98 


38 
65 
65 4 10 43 23 89 

32 






92 46 
4 85 86 


65 
32 
32 
65 
22 
67 


56 


57 
92 



28 13 



44 


85 70 
43 27 44 


4 



32 65 42 

16 54 
32 22 



46 


32 70 74 11 50 83 93 
11 
82 43 
82 43 
1 92 








10 4 54 71 
32 80 
44 
54 71 

32 
10 
10 
92 10 51 52 
73 92 

1 22 



1 10 

11 








70 



73 79 
46 

10 






32 26 
34 


4 


33 


33 92 
61 38 85 


43 
10 
24 






32 43 
32 43 
52 54 



17 18 

57 50 74 
24 70 
11 
32 

32 
83 50 43 74 70 

37 
43 44 


71 46 15 80 84 86 61 

98 4 37 9 84 22 
50 83 74 70 46 



















43 44 46 
43 44 46 

80 87 
92 70 





65 92 54 

11 









73 

27 4 55 
32 80 



70 
43 

10 52 22 


98 


32 

35 22 

86 

27 


43 44 

57 10 29 











46 
11 






86 70 74 80 50 83 22 87 
86 70 74 80 50 83 22 87 








32 57 92 
8 57 22 

22 
89 10 
80 1 18 17 15 




32 70 44 46 14 
76 
85 



84 4 37 86 

1 

79 
32 
32 

1 66 10 51 42 63 

30 

17 
57 
32 
98 94 
38 
18 70 
4 





22 
56 44 90 4 
37 86 79 
32 




57 10 








80 54 



56 81 69 70 








32 
11 


65 
10 
10 27 
92 
19 

8 57 


46 


50 11 74 





33 11 
32 





33 34 4 71 




37 

32 

22 







57 10 89 

50 70 46 63 
32 

32 10 22 


57 
56 
45 

4 55 
32 
32 73 
43 70 

73 



